19 sort

lv 1-10 x2 plus de point de sort

zone acces tier+1 
tier8= only lv 150 for the final quest for angel and demon skill.

-------------	tier1
1  1,2,3,4
2
3
4 5
5 
6
7 6
8
9 
10 7
11 
12
13 
14
15 
16
17 8
18 
19
20 
21
22
23
24 9
25 
26
27
28
29
30
31 10
32 
33
34
35
36
37 
38 11
39 
40
41
42
43
44 
45 12
46 
47
48
49
--------------tier 2
50
51 
52 13
53 
54
55
56
57
58
59 14
60 
61
62
63
64
65
66 15
67 
68
69
70 
71
72
73 16
74 
75
76 
77
78
79
80 17
81 
82
83
84
85 
86
87 
88 
89
90 18
91
92
93
94 
95 
96
97
98
99
----------------------------- tier 3
100 19
101  1,2,3,4
102
103
104 5
105 
106
107 6
108 
109 
110 7
111 
112
113 8
114
115 
116 9
117 
118
119 10
120 
121
122 11
123
124 
-------------------------------- tier 4
125 12
126
127
128
129 13
130
131 
132 
133 14
134 
135
136 
137 15
138 
139 
140 
141 16
142
143 
144 
145 17
146 
147
148
149 18
-------------------------------Tier5
150 19+ faction skill